-7.481277183	3.919522812	0.0007481274514	-0.0003919521414	3.335642142e-05	0
12.80760653	0.9859241021	-0.001280759596	-9.859232886e-05	3.335643704e-05	0
7.645994127	-4.596873546	-0.0007645991085	0.0004596871717	3.335642279e-05	0
-4.794375508	19.73998856	0.0004794365616	-0.001973994784	3.335647834e-05	0
-16.94772092	-6.733897153	0.001694769274	0.0006733885956	3.335646499e-05	0
9.000037615	11.99102686	-0.00090000275	-0.001199101339	3.335644701e-05	0
-12.41203911	20.23208246	0.001241200415	-0.002023202547	3.335650348e-05	0
-16.31690769	-10.86126479	0.001631687634	0.001086124392	3.33564736e-05	0
-13.57946684	-17.80755814	0.001357943279	0.001780751349	3.335649316e-05	0
2.763394451	-24.6735278	-0.0002763385934	0.002467345175	3.335651233e-05	0
0.5431121153	15.058219	-5.431114987e-05	-0.001505820191	3.335644739e-05	0
-4.476920639	-24.42174078	0.000447690684	0.00244216655	3.335651233e-05	0
-5.756391912	4.453307271	0.0005756390388	-0.0004453306092	3.335641835e-05	0
0.6205030715	-22.59597801	-6.205014862e-05	0.002259592028	3.335649474e-05	0
-1.226899245	-17.18449132	0.0001226897425	0.001718446582	3.335645902e-05	0
0.6985281151	-10.91573775	-6.985276973e-05	0.001091573122	3.335642947e-05	0
6.238047381	3.410194675	-0.0006238045805	-0.0003410193813	3.335641795e-05	0
17.68866553	-5.36651761	-0.001768863531	0.0005366508442	3.335646651e-05	0
4.978290765	8.603684197	-0.0004978288305	-0.0008603679947	3.3356426e-05	0
-18.24322975	-2.797703355	0.001824319868	0.000279769859	3.335646633e-05	0
-5.14273885	-17.51666534	0.000514273028	0.001751663615	3.335646511e-05	0
7.499092688	-11.30595027	-0.0007499085787	0.001130593986	3.335644022e-05	0
13.01935536	-2.192251897	-0.001301934401	0.0002192249987	3.335643859e-05	0
0.1679223937	16.89284212	-1.679221541e-05	-0.001689281802	3.335645712e-05	0
-2.624653806	-12.84748495	0.000262465155	0.001284747391	3.33564382e-05	0
-7.938455015	-11.19477792	0.0007938447539	0.001119476737	3.335644093e-05	0
-11.34937573	-20.48266528	0.001134934462	0.002048260912	3.335650097e-05	0
19.71844146	-5.657258585	-0.001971839997	0.0005657246681	3.335647971e-05	0
-8.1828063	-12.51637398	0.0008182797151	0.001251635999	3.335644682e-05	0
21.13297814	5.111395981	-0.002113292819	-0.0005111383899	3.335648836e-05	0
18.05340564	-15.96829199	-0.00180533532	0.001596824561	3.335650641e-05	0
-8.592596022	-15.10239387	0.0008592583051	0.001510237107	3.335645987e-05	0
19.07297729	-4.47825311	-0.001907294068	0.0004478244516	3.335647354e-05	0
14.95989131	-3.528862701	-0.001495987364	0.0003528858532	3.335644892e-05	0
-23.73117219	0.03836737763	0.002373110537	-3.836726959e-06	3.335650345e-05	0
2.065020308	-20.41406924	-0.0002065015961	0.002041402627	3.335647973e-05	0
6.118158411	12.24994316	-0.0006118152675	-0.001224993168	3.335644079e-05	0
8.75835688	-14.09073643	-0.0008758344826	0.001409071704	3.335645543e-05	0
-0.718725219	-5.404184646	7.187251122e-05	0.0005404183842	3.335641448e-05	0
11.61630692	19.7178983	-0.00116162765	-0.001971784667	3.335649687e-05	0
8.570971773	-21.50052285	-0.0008570948814	0.002150046526	3.335649887e-05	0
-7.869373471	21.67235862	0.0007869352553	-0.002167230101	3.335649818e-05	0
-10.21718967	13.40713847	0.001021717516	-0.001340711942	3.335645691e-05	0
-9.256809521	0.5184204771	0.0009256805542	-5.184202543e-05	3.335642386e-05	0
4.481638694	-22.73407443	-0.0004481626662	0.00227340134	3.335649907e-05	0
19.57309913	2.825537334	-0.001957306085	-0.0002825531808	3.335647475e-05	0
11.82093703	-20.82447389	-0.001182090314	0.002082441419	3.335650515e-05	0
21.76619729	7.014508013	-0.002176614037	-0.0007014489671	3.335649674e-05	0
-0.1802335815	8.068443777	1.802335228e-05	-0.0008068441149	3.335642038e-05	0
18.09228804	1.167491317	-0.00180922583	-0.0001167489398	3.335646434e-05	0
-1.019129667	-9.984915191	0.0001019129154	0.0009984910161	3.335642632e-05	0
-11.43595545	-7.148181298	0.001143594505	0.0007148174798	3.335643985e-05	0
-9.941820113	-0.2312874219	0.0009941815197	2.312873076e-05	3.335642601e-05	0
-19.21673321	0.3123334829	0.001921669772	-3.12332906e-05	3.335647113e-05	0
-4.359252377	5.719419975	0.000435925125	-0.0005719418496	3.335641814e-05	0
-7.368890753	6.784690624	0.0007368887056	-0.000678468722	3.335642625e-05	0
19.08632676	-8.757164483	-0.001908628467	0.0008757145175	3.335648307e-05	0
11.17438635	-8.115165184	-0.001117437569	0.0008115157445	3.335644133e-05	0
-15.35748239	-7.074073807	0.001535746043	0.0007074063695	3.33564572e-05	0
20.04568201	3.439175688	-0.002004564055	-0.0003439168575	3.335647851e-05	0
-0.4167871807	24.15963231	4.167859639e-05	-0.002415956178	3.33565069e-05	0
11.68486435	-14.34487171	-0.001168484435	0.001434484716	3.335646661e-05	0
22.19223658	-11.19991851	-0.002219216801	0.00111998839	3.335651258e-05	0
14.58701606	-0.9252869244	-0.001458700048	9.25285936e-05	3.335644515e-05	0
-12.82876	9.874690778	0.001282874318	-0.0009874677838	3.335645323e-05	0
-11.39958579	8.857868171	0.001139957391	-0.0008857858941	3.335644428e-05	0
-3.634282681	-14.19975022	0.0003634278777	0.001419973497	3.335644535e-05	0
-1.942337003	19.48160322	0.000194233328	-0.001948156588	3.335647345e-05	0
-13.31127192	2.690734044	0.001331125964	-0.0002690731562	3.335644028e-05	0
-11.88381838	14.94744955	0.001188379672	-0.001494742229	3.335647034e-05	0
8.012573381	-11.66513268	-0.0008012565358	0.0011665121	3.335644292e-05	0
-0.3471817361	8.700266913	3.471816045e-05	-0.0008700263615	3.335642216e-05	0
11.45759579	2.911325824	-0.001145758778	-0.0002911323789	3.335643283e-05	0
2.49714093	21.80190955	-0.0002497134918	-0.002180185705	3.335648984e-05	0
18.29882941	-13.35220848	-0.001829878246	0.001335217422	3.33564951e-05	0
-11.22223204	-11.59799314	0.001122221742	0.001159797804	3.335645296e-05	0
17.98519406	-6.350005725	-0.001798516134	0.0006349994175	3.335647019e-05	0
-14.53853226	-9.730815882	0.001453851001	0.0009730800991	3.335646056e-05	0
13.94971857	20.5157218	-0.001394967565	-0.002051565866	3.335651217e-05	0
-13.22832689	14.26685111	0.001322830185	-0.001426682411	3.335647265e-05	0
5.271029844	-13.4156195	-0.0005271024368	0.001341560556	3.335644417e-05	0
-10.08967337	16.56758803	0.001008965439	-0.001656755686	3.335647228e-05	0
22.41329983	6.605979578	-0.002241323865	-0.0006605961544	3.335650058e-05	0
-7.559123672	-1.44503903	0.0007559121434	0.0001445038602	3.33564194e-05	0
0.9507538857	-14.4875969	-9.507528836e-05	0.001448758163	3.335644468e-05	0
14.43396983	9.708064766	-0.001443394799	-0.0009708050079	3.335645999e-05	0
-3.548388024	10.92704998	0.0003548385682	-0.001092704277	3.335643153e-05	0
4.463205087	-19.0375471	-0.0004463196555	0.00190375107	3.335647329e-05	0
-11.17475666	2.245078945	0.00111747494	-0.0002245077486	3.335643119e-05	0
-10.32419445	-17.23714326	0.001032417361	0.001723710847	3.335647685e-05	0
-5.659761291	-13.53216211	0.0005659755202	0.001353214755	3.33564454e-05	0
-6.81275865	11.0321275	0.0006812752923	-0.001103211822	3.335643756e-05	0
14.42881993	-4.924144071	-0.001442880316	0.0004924138348	3.335644829e-05	0
1.741211312	-22.74310002	-0.0001741206782	0.002274304085	3.335649629e-05	0
-23.25764925	-4.581879848	0.00232575839	0.0004581866975	3.335650324e-05	0
-7.260906648	3.172309642	0.0007260904369	-0.0003172308646	3.335641999e-05	0
7.988435216	-15.9428594	-0.0007988422515	0.001594283405	3.335646255e-05	0
-0.1713478456	-16.09768956	1.713476236e-05	0.00160976687	3.335645274e-05	0
-19.88574782	-7.50139211	0.00198857029	0.0007501375168	3.335648486e-05	0
-0.161448365	-1.754939518	1.614483625e-05	0.0001754939491	3.335641004e-05	0
0.8332068351	-17.52324136	-8.33205553e-05	0.00175232144	3.335646085e-05	0
-9.698023248	12.32537918	0.0009698011321	-0.001232536403	3.335645054e-05	0
13.89212425	0.478429274	-0.001389211083	-4.784288118e-05	3.335644175e-05	0
-12.29393135	8.323842126	0.00122939178	-0.0008323832952	3.335644628e-05	0
4.871285804	-9.725302792	-0.0004871282923	0.0009725297039	3.335642925e-05	0
-9.209271285	21.27818433	0.0009209246532	-0.002127812714	3.335649918e-05	0
-10.93081835	-13.23481146	0.001093080225	0.001323479197	3.335645866e-05	0
-11.9321113	-15.68813817	0.001193208812	0.00156881077	3.335647431e-05	0
-9.464884875	-2.258391257	0.0009464880394	0.0002258390188	3.335642531e-05	0
-13.03048446	0.2211977929	0.00130304734	-2.211976051e-05	3.335643785e-05	0
-10.02754569	-10.25277073	0.001002753538	0.001025276019	3.335644382e-05	0
-0.4950782239	-6.020352069	4.950781336e-05	0.000602035097	3.335641561e-05	0
-8.793456811	1.523643644	0.0008793453309	-0.0001523643037	3.33564228e-05	0
-12.12842279	-19.9157159	0.001212838981	0.001991566175	3.33565002e-05	0
9.923425297	-22.44898344	-0.0009923395406	0.002244891582	3.335650999e-05	0
-15.64577583	-13.73900978	0.001564574191	0.001373898	3.335648183e-05	0
5.693814745	15.01478885	-0.0005693807404	-0.001501476949	3.335645253e-05	0
-16.37235531	0.2808337895	0.001637233336	-2.80833413e-05	3.335645424e-05	0
6.125906073	-2.220296144	-0.0006125904772	0.0002220295673	3.33564166e-05	0
16.71434954	1.820634401	-0.001671432592	-0.0001820631828	3.335645667e-05	0
-8.197431225	-9.146721212	0.0008197425041	0.0009146714313	3.335643468e-05	0
-2.583091046	0.9658754975	0.0002583090948	-9.658754608e-05	3.335641079e-05	0
8.823658996	-12.08211305	-0.0008823649121	0.001208209953	3.335644685e-05	0
-15.51800569	9.806253325	0.001551797955	-0.0009806236803	3.335646572e-05	0
2.538962936	19.62299467	-0.0002538957965	-0.001962295626	3.335647482e-05	0
-5.19130426	-8.173825828	0.0005191301826	0.0008173821996	3.335642516e-05	0
4.474526497	22.29117023	-0.0004474514932	-0.002229111261	3.335649573e-05	0
-6.819967801	-13.34653728	0.000681996014	0.001334652229	3.335644699e-05	0
-6.562525277	23.89626687	0.0006562505127	-0.00238961935	3.335651194e-05	0
19.10933499	7.685984629	-0.001910929446	-0.0007685968326	3.335648028e-05	0
-10.67890734	17.64644546	0.001067888463	-0.001764640792	3.335648047e-05	0
-16.20617414	16.90995299	0.001620612969	-0.001690990661	3.335650101e-05	0
11.26816733	11.18984018	-0.001126815312	-0.001118982607	3.335645158e-05	0
-8.427985513	21.04799907	0.0008427963851	-0.002104794497	3.335649525e-05	0
13.60547106	14.52020594	-0.001360544413	-0.00145201772	3.335647556e-05	0
-13.43626124	12.47316099	0.001343623866	-0.001247314003	3.335646558e-05	0
1.518772787	19.27525207	-0.0001518769948	-0.001927521604	3.335647187e-05	0
-13.30315643	-11.99494348	0.001330313508	0.001199492424	3.335646303e-05	0
-7.957691963	17.82127144	0.0007957676807	-0.00178212375	3.335647305e-05	0
17.87744507	7.894371259	-0.001787741093	-0.0007894356184	3.335647322e-05	0
4.769495144	3.513066155	-0.0004769494307	-0.0003513065539	3.335641537e-05	0
-22.02422592	8.781148595	0.002202416402	-0.0008781123912	3.335650328e-05	0
-2.988498908	-18.66311824	0.0002988493569	0.00186630849	3.33564691e-05	0
23.94235074	0.2881683074	-0.00239422821	-2.881674814e-05	3.335650514e-05	0
2.371468065	-22.21342106	-0.0002371462147	0.002221336563	3.335649275e-05	0
-0.254515496	23.24899243	2.545148081e-05	-0.002324892959	3.335649968e-05	0
-10.06498028	-5.201836115	0.001006497382	0.0005201832776	3.335643093e-05	0
-15.35244401	-9.13200505	0.001535241951	0.000913199048	3.335646274e-05	0
16.02583362	-13.66084111	-0.001602579809	0.001366081082	3.335648348e-05	0
7.63843169	5.918601458	-0.0007638428123	-0.0005918598695	3.335642509e-05	0
12.7596801	-10.48837408	-0.001275966269	0.001048835977	3.335645502e-05	0
4.996326542	23.57008617	-0.000499631204	-0.002357001775	3.335650634e-05	0
2.110646838	-4.27849314	-0.0002110646598	0.0004278492653	3.335641332e-05	0
-2.764219387	10.3710461	0.0002764217795	-0.001037104013	3.335642873e-05	0
3.88483262	-24.367441	-0.0003884820793	0.002436736682	3.335651107e-05	0
2.118222565	9.326620396	-0.0002118221596	-0.0009326616131	3.335642478e-05	0
19.12445464	6.677618797	-0.00191244154	-0.0006677605097	3.335647796e-05	0
-8.651742125	13.80640977	0.0008651730642	-0.001380639144	3.33564538e-05	0
0.0256746667	15.66918668	-2.567463518e-06	-0.001566916744	3.335645047e-05	0
6.454767092	-9.098759816	-0.0006454763076	0.0009098754154	3.335643028e-05	0
-18.20367892	-7.280133468	0.001820364394	0.0007280119477	3.335647363e-05	0
-11.4393769	19.69244521	0.001143934724	-0.001969239414	3.335649602e-05	0
0.314231067	12.55847259	-3.142308191e-05	-0.001255846268	3.335643584e-05	0
0.6461707482	-24.94369302	-6.461687367e-05	0.002494361537	3.335651336e-05	0
23.69052502	7.700921147	-0.002369045151	-0.0007700897253	3.335651302e-05	0
7.088932257	-16.75555164	-0.0007088920525	0.001675552391	3.335646472e-05	0
-5.578478183	10.3962166	0.00055784743	-0.001039620936	3.335643274e-05	0
5.89527162	-17.76315714	-0.0005895261295	0.001776312603	3.335646794e-05	0
-8.719429975	14.28306025	0.0008719417766	-0.001428304025	3.335645622e-05	0
10.02910192	-2.903359757	-0.001002909645	0.0002903358174	3.33564277e-05	0
0.9474809942	-12.74799551	-9.474802201e-05	0.001274798509	3.335643677e-05	0
-7.961658998	-7.664873447	0.0007961654136	0.0007664868766	3.335642989e-05	0
5.636830344	14.46430783	-0.0005636823552	-0.00144642904	3.335644971e-05	0
4.011359912	23.46243447	-0.0004011348548	-0.002346236801	3.335650401e-05	0
21.20458368	-0.3538199892	-0.0021204536	3.538191936e-05	3.335648453e-05	0
-7.818699813	8.139793021	0.0007818694833	-0.0008139787836	3.335643077e-05	0
7.236481031	-3.492211791	-0.0007236478695	0.0003492210663	3.335642029e-05	0
3.005544799	-10.2613932	-0.0003005543081	0.001026138734	3.335642859e-05	0
-10.74876422	-6.638588866	0.001074875564	0.0006638583568	3.335643614e-05	0
-10.88751182	13.9326075	0.00108874948	-0.001393258572	3.335646167e-05	0
14.0773574	20.36168298	-0.001407731427	-0.002036162059	3.335651172e-05	0
-6.497811891	19.64937354	0.0006497797976	-0.001964933146	3.335648096e-05	0
14.46707972	4.108588268	-0.001446706336	-0.0004108583622	3.335644724e-05	0
13.57505298	17.57170594	-0.001357501951	-0.001757166262	3.335649175e-05	0
1.921099455	-2.771317372	-0.0001921099345	0.0002771317214	3.335641142e-05	0
17.20787223	15.82326445	-0.001720782521	-0.001582322121	3.335650066e-05	0
9.379090727	7.371846806	-0.0009379084053	-0.000737184156	3.335643325e-05	0
1.696616242	-23.47633301	-0.0001696611542	0.002347626798	3.335650192e-05	0
-17.55164504	10.67546848	0.001755160801	-0.001067544595	3.335647991e-05	0
-17.83187536	13.70696291	0.001783183026	-0.001370692824	3.335649389e-05	0
17.86526515	-2.134570839	-0.001786523623	0.0002134567384	3.335646351e-05	0
-2.235744096	10.98041348	0.0002235742692	-0.001098040659	3.335643046e-05	0
-13.03356584	-20.54945645	0.001303352725	0.002054939561	3.335650828e-05	0
-18.49613601	-9.757298428	0.001849609557	0.0009757277093	3.335648246e-05	0
-17.83162603	-10.69643634	0.001783158748	0.001069641322	3.335648163e-05	0
-0.1426844242	-3.422723409	1.426844159e-05	0.0003422723208	3.335641148e-05	0
5.660850264	18.79422676	-0.0005660839359	-0.001879419056	3.335647378e-05	0
5.452955317	-10.43700777	-0.0005452951536	0.001043700054	3.335643265e-05	0
11.31886425	-0.3749488154	-0.001131885699	3.749485749e-05	3.335643091e-05	0
-0.6066546456	-3.638394431	6.066546044e-05	0.0003638394183	3.335641179e-05	0
-9.03038596	-4.305862615	0.0009030381441	0.000430586046	3.335642621e-05	0
9.873605934	10.97009385	-0.000987359518	-0.00109700819	3.335644585e-05	0
7.003383182	0.7210636469	-0.0007003381446	-7.210634682e-05	3.335641779e-05	0
-9.178817227	4.389785432	0.0009178812476	-0.000438978316	3.335642679e-05	0
18.96184335	0.5210938728	-0.001896180923	-5.210929353e-05	3.335646953e-05	0
19.02975696	7.781511784	-0.001902971674	-0.0007781495338	3.335648002e-05	0
-12.84957177	5.689509071	0.001284955908	-0.0005689503454	3.335644246e-05	0
-0.1845916647	1.288162926	1.845916632e-05	-0.0001288162915	3.33564098e-05	0
5.703358982	-7.898903135	-0.0005703356275	0.0007898899386	3.335642535e-05	0
5.296457369	-12.68609685	-0.0005296452364	0.001268608487	3.335644104e-05	0
21.47033085	-7.376113837	-0.002147027552	0.0007376094829	3.335649548e-05	0
4.320869534	-22.34800107	-0.0004320858341	0.002234794317	3.335649593e-05	0
-4.89786589	-7.168554685	0.0004897864044	0.0007168551983	3.335642209e-05	0
-3.88497256	-16.07185936	0.000388496725	0.001607183739	3.335645512e-05	0
-1.076667105	15.62757328	0.0001076665784	-0.00156275541	3.335645044e-05	0
-6.337257129	-7.554767327	0.0006337254048	0.0007554763654	3.335642574e-05	0
7.573364126	18.87381138	-0.0007573348465	-0.001887377236	3.33564785e-05	0
-7.140120188	21.53436653	0.0007140101812	-0.002153431111	3.335649536e-05	0
-2.102994859	-4.106845345	0.0002102994635	0.0004106844908	3.335641307e-05	0
17.94139182	-15.81416506	-0.001794134051	0.001581411983	3.335650492e-05	0
-14.89133489	-16.03351946	0.001489129924	0.001603348107	3.335648938e-05	0
19.5603863	-3.144341402	-0.001956034791	0.0003144335231	3.335647498e-05	0
-20.38759618	4.217029215	0.0020387552	-0.0004217020076	3.335648181e-05	0
20.96329059	-9.61797026	-0.002096323483	0.0009617944678	3.335649824e-05	0
-7.235227442	-9.603982938	0.0007235222211	0.0009603975995	3.335643363e-05	0
-13.54641222	0.2066370491	0.001354639978	-2.066368595e-05	3.335644013e-05	0
-24.41599213	-3.933752402	0.002441591747	0.0003933740372	3.335651153e-05	0
-0.4908132181	-5.68535376	4.908131381e-05	0.0005685352834	3.335641495e-05	0
5.525938586	-8.287451727	-0.0005525935845	0.0008287447616	3.335642607e-05	0
18.30428478	11.03731003	-0.001830424297	-0.001103728482	3.335648572e-05	0
14.30834416	9.232919752	-0.001430832342	-0.0009232906365	3.335645788e-05	0
13.91680307	7.463971629	-0.001391678572	-0.0007463962322	3.335645111e-05	0
11.94617801	-12.68721709	-0.001194615987	0.001268719782	3.335646017e-05	0
17.73849345	5.836649273	-0.001773846252	-0.0005836639096	3.335646768e-05	0
-3.581660074	15.00163247	0.0003581655814	-0.001500161462	3.335644919e-05	0
-8.917166271	-18.70200362	0.0008917147131	0.001870196347	3.335648112e-05	0
-7.65480319	1.713182063	0.0007654800835	-0.0001713181536	3.335641978e-05	0
-16.28405416	-9.674964038	0.001628402495	0.0009674946683	3.335646936e-05	0
-17.73407461	-15.07956896	0.001773402656	0.001507952811	3.33564999e-05	0
0.1475329329	15.41269251	-1.475327576e-05	-0.00154126742	3.335644914e-05	0
-13.93852227	3.446633461	0.00139385079	-0.0003446629908	3.33564439e-05	0
-6.664960582	6.081259855	0.0006664957869	-0.000608125738	3.33564231e-05	0
7.781655641	-20.66430715	-0.000778163667	0.002066425678	3.335649084e-05	0
4.385056377	-22.58476589	-0.0004385044772	0.002258470611	3.33564978e-05	0
-4.210780574	-4.424090185	0.0004210779788	0.000442408936	3.335641574e-05	0
-18.14587545	14.96566652	0.001814582526	-0.001496562512	3.335650179e-05	0
2.700047574	13.45232616	-0.0002700045032	-0.001345231349	3.335644092e-05	0
2.344534898	-7.199652366	-0.0002344534226	0.0007199650302	3.335641908e-05	0
-7.351105954	23.05076928	0.0007351084438	-0.002305070182	3.335650715e-05	0
2.94263223	24.1642549	-0.0002942623512	-0.00241641833	3.335650835e-05	0
-4.180126318	-17.51047791	0.0004180119545	0.001751044954	3.335646357e-05	0
7.632303091	12.39946715	-0.0007632295001	-0.0012399454	3.335644488e-05	0
-2.511612273	23.4221227	0.0002511605305	-0.002342205771	3.335650207e-05	0
-15.10826029	-15.01775893	0.001510822601	0.001501772485	3.33564852e-05	0
7.206002239	12.74426764	-0.0007205994516	-0.001274425398	3.335644527e-05	0
1.202864894	-17.08670547	-0.000120286313	0.001708668041	3.335645845e-05	0
-19.9240432	13.2917526	0.001992398605	-0.001329171448	3.335650519e-05	0
20.47078486	1.967597447	-0.002047074158	-0.0001967593286	3.335648006e-05	0
19.85166517	-8.024394327	-0.001985161966	0.0008024375932	3.335648599e-05	0
-19.25786204	-4.648676358	0.001925782424	0.0004648667235	3.335647498e-05	0
-12.54616462	14.73749758	0.001254614112	-0.001473746998	3.3356472e-05	0
11.87349624	-10.17009225	-0.001187348173	0.001017007982	3.335645028e-05	0
14.1921898	5.9508985	-0.001419217299	-0.0005950891453	3.335644902e-05	0
-0.3412930551	9.113980961	3.412929132e-05	-0.0009113977171	3.335642339e-05	0
-2.104934523	-17.97249539	0.0002104931077	0.001797246596	3.335646413e-05	0
19.64634073	12.88556011	-0.00196462865	-0.001288552455	3.335650159e-05	0
10.33738215	-17.78764598	-0.001033736027	0.001778760834	3.335648011e-05	0
-3.977320285	8.186418128	0.0003977318638	-0.0008186414737	3.335642334e-05	0
-17.15321121	-14.27144488	0.001715316851	0.001427140935	3.335649256e-05	0
-20.58313896	-13.93723482	0.002058307536	0.001393719176	3.335651258e-05	0
22.94678413	6.332373778	-0.002294671911	-0.0006332355837	3.335650403e-05	0
6.84898339	7.207839201	-0.0006848980005	-0.0007207835638	3.335642601e-05	0
-12.52445965	2.564257889	0.001252444941	-0.0002564255794	3.335643678e-05	0
-21.0963283	-12.1872925	0.002109626569	0.001218725633	3.335650852e-05	0
-5.765091631	8.396128288	0.0005765088641	-0.0008396123934	3.335642682e-05	0
7.480521679	2.074012609	-0.0007480519425	-0.0002074011984	3.335641957e-05	0
-18.06699868	14.36343	0.001806695055	-0.001436339174	3.335649837e-05	0
-7.673265822	19.26659311	0.0007673249321	-0.001926655168	3.335648125e-05	0
21.12874452	0.4937324366	-0.002112869733	-4.937313339e-05	3.335648402e-05	0
12.6597707	5.044275911	-0.001265975895	-0.0005044271227	3.335644049e-05	0
-22.99706434	-5.016650334	0.002299700064	0.0005016636437	3.335650192e-05	0
-9.565053145	19.83779757	0.0009565029948	-0.001983774946	3.335649041e-05	0
10.71210257	13.99347979	-0.001071208593	-0.001399345806	3.335646132e-05	0
-4.234506718	23.77870869	0.0004234494367	-0.002377863934	3.335650681e-05	0
7.143246907	-3.363318337	-0.000714324468	0.0003363317289	3.335641992e-05	0
-12.18811466	11.64487346	0.001218809735	-0.001164485691	3.335645691e-05	0
-15.04187284	2.570869271	0.001504185532	-0.0002570866278	3.335644836e-05	0
-0.06861486291	6.847799851	6.861484682e-06	-0.0006847798246	3.335641734e-05	0
-20.6689096	-0.2869436775	0.002066886544	2.869430645e-05	3.335648078e-05	0
-6.103962222	-5.25479654	0.0006103960242	0.0005254794836	3.335642034e-05	0
-6.396648541	-3.16985644	0.0006396646911	0.0003169855632	3.335641802e-05	0
-1.960702103	-24.13742658	0.0001960696354	0.002413735581	3.335650733e-05	0
5.9772162	-22.13350487	-0.0005977200492	0.00221334467	3.335649718e-05	0
19.95277924	1.314541391	-0.001995273935	-0.0001314538763	3.335647621e-05	0
15.59504027	16.61875066	-0.001559499977	-0.00166187075	3.335649614e-05	0
-3.044230598	-18.111702	0.0003044225464	0.001811167146	3.335646578e-05	0
5.454920522	20.89242227	-0.0005454907805	-0.002089237356	3.335648728e-05	0
0.5817008902	-5.695601595	-5.817007948e-05	0.0005695600661	3.335641499e-05	0
5.840707311	15.95682676	-0.0005840698879	-0.001595680373	3.335645768e-05	0
14.22210572	-3.292531787	-0.001422209056	0.0003292528279	3.335644506e-05	0
5.381158501	9.134448975	-0.0005381155477	-0.0009134443842	3.335642827e-05	0
-4.632887524	-8.968957104	0.0004632885164	0.0008968952534	3.335642652e-05	0
-15.86596872	-8.494479999	0.001586594302	0.0008494466242	3.335646354e-05	0
9.728130087	-6.649094805	-0.0009728123333	0.0006649090189	3.335643268e-05	0
-19.58630957	11.43751207	0.001958625919	-0.001143748265	3.335649532e-05	0
16.77451902	-7.612179806	-0.001677449055	0.0007612166891	3.335646611e-05	0
10.99837602	18.70958922	-0.001099835012	-0.001870954516	3.335648808e-05	0
4.654872999	-12.21306466	-0.0004654869024	0.001221305423	3.335643801e-05	0
-3.524164511	22.72401339	0.0003524155193	-0.00227239533	3.335649771e-05	0
-0.3009181174	-4.055105223	3.009180925e-05	0.0004055104887	3.335641228e-05	0
2.518351417	-10.00798439	-0.0002518350076	0.001000797907	3.335642728e-05	0
-15.35101578	-10.66861557	0.001535098895	0.001066859692	3.335646781e-05	0
0.9822856524	-1.297066368	-9.822856394e-05	0.000129706635	3.335640996e-05	0
18.44155777	14.87712502	-0.0018441506	-0.001487708326	3.335650315e-05	0
-1.935108085	2.51178157	0.0001935107988	-0.0002511781444	3.33564112e-05	0
17.49893628	-8.268212297	-0.001749890351	0.0008268196812	3.335647199e-05	0
-5.939731043	1.562341393	0.0005939729922	-0.0001562341098	3.335641581e-05	0
9.694895894	-3.89291645	-0.0009694890603	0.0003892914326	3.335642772e-05	0
-13.2236428	4.644284957	0.001322362981	-0.0004644280395	3.335644228e-05	0
-6.259640345	1.847892169	0.0006259639012	-0.0001847891775	3.335641662e-05	0
-8.739440277	-12.46727596	0.0008739430147	0.001246726151	3.335644818e-05	0
3.061095668	2.461893502	-0.0003061095431	-0.0002461893312	3.335641209e-05	0
19.45489239	-4.943298235	-0.00194548532	0.0004943288276	3.335647672e-05	0
-2.652154256	-0.8632042548	0.0002652154153	8.632042213e-05	3.335641082e-05	0
-18.65257752	14.79144589	0.001865252467	-0.001479140398	3.335650404e-05	0
1.17556425	-8.098835855	-0.0001175563856	0.0008098833143	3.335642069e-05	0
-0.3508061027	0.132386856	3.508061024e-05	-1.323868559e-05	3.335640954e-05	0
-2.767357089	-19.29535209	0.0002767351832	0.001929531543	3.335647289e-05	0
-16.39252978	-18.84479614	0.001639247864	0.001884473736	3.335651357e-05	0
-18.51511624	6.087152723	0.001851508108	-0.0006087141161	3.335647287e-05	0
14.32510584	5.873218978	-0.001432508868	-0.0005873211939	3.33564495e-05	0
-2.608389608	-17.63733555	0.0002608385462	0.001763730751	3.335646254e-05	0
-13.20387641	9.875886227	0.001320385846	-0.0009875872802	3.335645486e-05	0
-10.14878608	-22.12883652	0.0010148756	0.002212877095	3.335650837e-05	0
-8.928595781	8.197765063	0.0008928589222	-0.000819775904	3.335643402e-05	0
0.9293837449	11.1585041	-9.293831623e-05	-0.001115849711	3.335643043e-05	0
-7.717423481	-16.23640432	0.000771741101	0.001623637808	3.335646342e-05	0
1.612097248	-1.711173322	-0.0001612097203	0.0001711173275	3.335641044e-05	0
-22.90207942	-8.870953748	0.002290201035	0.0008870926994	3.335651012e-05	0
-0.9744078718	-3.920787474	9.744077923e-05	0.0003920787154	3.335641224e-05	0
-22.26348789	-8.679790761	0.002226342433	0.0008679765981	3.335650475e-05	0
7.830236596	19.18781424	-0.0007830219781	-0.001918777304	3.335648115e-05	0
14.088803	-8.892124848	-0.001408878345	0.0008892112508	3.335645581e-05	0
9.233142689	-9.364150064	-0.0009233134705	0.0009364141967	3.335643836e-05	0
13.02605419	-1.611890141	-0.001302604297	0.0001611888753	3.335643825e-05	0
6.514498138	-20.26609741	-0.0006514483377	0.002026605149	3.33564851e-05	0
14.91647182	-18.16206052	-0.001491643062	0.001816201036	3.335650164e-05	0
-3.050636191	-17.59567852	0.0003050631327	0.001759565046	3.335646271e-05	0
-8.076028763	-7.48603362	0.0008076023867	0.0007486029082	3.335642974e-05	0
-21.90785274	-9.891247991	0.002190778945	0.0009891219416	3.335650588e-05	0
13.70488552	12.69509156	-0.001370486161	-0.001269506941	3.335646772e-05	0
15.80467795	3.571719389	-0.00158046572	-0.00035717147	3.335645331e-05	0
-15.26367087	-4.357732956	0.001526365164	0.0004357727466	3.335645154e-05	0
-6.648175437	-0.1596446651	0.0006648173967	1.596446298e-05	3.33564169e-05	0
10.07266487	8.235454175	-0.001007265634	-0.0008235447204	3.335643775e-05	0
1.687730675	5.566797272	-0.000168773039	-0.000556679633	3.335641516e-05	0
3.466437313	-20.78982756	-0.0003466429614	0.002078978138	3.335648361e-05	0
-4.760959349	-7.194268133	0.0004760957577	0.0007194265456	3.335642193e-05	0
9.462034652	-20.39409455	-0.0009462010739	0.002039404301	3.335649382e-05	0
24.51569121	2.979720183	-0.002451561645	-0.0002979711096	3.335651124e-05	0
16.03365072	-16.71512761	-0.001603360771	0.001671508277	3.335649899e-05	0
-16.40465564	5.01986526	0.00164046315	-0.0005019857873	3.335645861e-05	0
12.00930474	-21.21534896	-0.001200926905	0.002121528592	3.335650864e-05	0
-10.98826244	15.95002409	0.001098824182	-0.001594999417	3.335647209e-05	0
1.37712591	20.29736112	-0.0001377123061	-0.002029731912	3.335647855e-05	0
16.00214679	5.213339041	-0.001600212413	-0.0005213331658	3.335645676e-05	0
2.659127152	-2.437431128	-0.0002659126979	0.0002437430969	3.335641169e-05	0
15.85809218	-2.343545612	-0.001585807181	0.0002343542601	3.335645238e-05	0
17.92123651	-8.471026704	-0.00179212013	0.0008471010061	3.335647505e-05	0
-18.23346493	-15.24016536	0.001823341344	0.001524012233	3.335650371e-05	0
23.16132518	-8.622538922	-0.002316125444	0.0008622512589	3.335651139e-05	0
-13.64910917	6.006900297	0.001364909399	-0.0006006893618	3.335644661e-05	0
16.37741859	-12.07862431	-0.001637738468	0.00120785993	3.335647859e-05	0
-0.1841680143	22.26728311	1.841675577e-05	-0.00222672279	3.335649222e-05	0
9.061238679	15.95926498	-0.000906122342	-0.001595923811	3.335646569e-05	0
13.76742264	12.55755007	-0.001376739874	-0.001255752827	3.335646743e-05	0
7.127477071	3.91727573	-0.0007127474714	-0.0003917274435	3.335642055e-05	0
15.63827887	6.013977144	-0.001563825692	-0.0006013968702	3.335645634e-05	0
11.67799889	16.43548226	-0.001167797515	-0.001643544885	3.335647732e-05	0
3.381446843	-15.99935034	-0.0003381442322	0.001599932895	3.335645412e-05	0
10.05248587	16.15957431	-0.001005246767	-0.001615954505	3.335646993e-05	0
14.95897489	-10.69319029	-0.00149589496	0.001069317222	3.335646591e-05	0
-0.8607468474	-24.32010339	8.607442987e-05	0.002432003138	3.335650829e-05	0
-9.513026902	-19.77208214	0.0009513004002	0.001977203454	3.335648981e-05	0
-8.307643054	-18.9956915	0.0008307625199	0.001899565067	3.335648121e-05	0
-8.41910115	17.41442182	0.00084190854	-0.001741438924	3.335647192e-05	0
14.73241364	-14.78213841	-0.001473238156	0.001478210622	3.335648216e-05	0
-1.302947661	-5.804749223	0.0001302947431	0.0005804748195	3.335641542e-05	0
17.92870587	0.6306797499	-0.001792867702	-6.306787351e-05	3.33564632e-05	0
4.606541652	-14.3438268	-0.0004606536425	0.001434381053	3.335644737e-05	0
15.53310849	1.974880663	-0.001553308945	-0.0001974878242	3.335645041e-05	0
10.87983135	-0.4825087485	-0.00108798249	4.825084623e-05	3.33564293e-05	0
-5.858092054	13.32475013	0.0005858085849	-0.001332473602	3.335644486e-05	0
-2.059297972	-21.7880915	0.0002059293041	0.002178803933	3.33564894e-05	0
2.437079158	-18.5354031	-0.0002437074899	0.001853537071	3.335646781e-05	0
-11.75062536	-12.03735873	0.001175060873	0.00120373417	3.335645671e-05	0
8.532688411	16.05877042	-0.0008532674303	-0.001605874386	3.335646467e-05	0
0.7441249577	20.79797571	-7.441233462e-05	-0.002079793068	3.335648175e-05	0
10.25365716	10.37017662	-0.001025364626	-0.00103701656	3.335644499e-05	0
-23.87705293	6.883099919	0.002387697921	-0.0006883078667	3.335651251e-05	0
-2.205817924	12.95783241	0.0002205816018	-0.001295782122	3.335643833e-05	0
-10.76717733	16.84309583	0.001076715581	-0.001684306218	3.335647617e-05	0
-9.687848357	18.26944314	0.0009687827643	-0.001826940408	3.335648084e-05	0
19.46253692	10.05378204	-0.001946249023	-0.001005375791	3.335648955e-05	0
11.69288338	-17.5396257	-0.00116928574	0.001753958673	3.335648363e-05	0
-5.479985359	-10.76782534	0.0005479981359	0.001076781748	3.335643387e-05	0
19.39184736	-13.71898981	-0.001939179265	0.001371895111	3.335650363e-05	0
-9.00380061	-10.6379603	0.0009003791866	0.001063794997	3.335644191e-05	0
4.309014357	-13.11006879	-0.0004309010254	0.001311005631	3.335644128e-05	0
11.6135299	-6.764009457	-0.001161351941	0.0006764003348	3.335643964e-05	0
6.196839917	22.77167692	-0.000619682266	-0.00227716135	3.335650241e-05	0
-16.67178661	-1.911865316	0.001667176314	0.0001911862624	3.335645649e-05	0
5.476882614	-15.94042157	-0.0005476874835	0.001594039893	3.33564569e-05	0
-3.284929482	-14.30944767	0.0003284925942	0.001430943225	3.335644547e-05	0
-11.31241556	2.149774863	0.001131240806	-0.0002149773438	3.335643163e-05	0
-6.187514276	7.143091084	0.0006187511512	-0.0007143087894	3.335642441e-05	0
8.384317332	5.34161229	-0.0008384313189	-0.000534160965	3.3356426e-05	0
-13.80785083	-11.5621066	0.001380782844	0.001156208785	3.335646361e-05	0
-11.15901063	10.10248364	0.001115899798	-0.00101024722	3.335644731e-05	0
3.156142852	-12.68442244	-0.0003156140156	0.001268441161	3.335643802e-05	0
-8.139909468	2.48268477	0.0008139906521	-0.0002482683871	3.33564216e-05	0
19.56206664	8.416549429	-0.001956202228	-0.0008416530344	3.335648516e-05	0
-14.49597081	-8.859560788	0.001449594989	0.0008859548002	3.335645766e-05	0
3.48306822	13.96263222	-0.0003483064613	-0.001396261776	3.335644406e-05	0
-18.58208184	-15.47382083	0.001858202751	0.001547377559	3.335650704e-05	0
-22.91213185	3.954944324	0.002291206992	-0.0003954933633	3.335649968e-05	0
9.798278481	22.46636471	-0.000979824905	-0.002246629722	3.335650971e-05	0
2.597938849	15.16306034	-0.0002597935775	-0.00151630424	3.335644899e-05	0
3.960637463	-19.81051204	-0.000396062938	0.001981047161	3.335647759e-05	0
-2.566797706	6.580007911	0.0002566797066	-0.0006580006269	3.335641784e-05	0
15.68409715	17.4157631	-0.001568405407	-0.001741571526	3.335650113e-05	0
-2.79040399	-0.2931879267	0.000279040388	2.931879151e-05	3.335641083e-05	0
-10.31613704	-7.975493896	0.001031612827	0.0007975487115	3.335643788e-05	0
16.35023944	12.11302748	-0.001635020559	-0.00121130024	3.335647858e-05	0
4.72949586	-6.822657419	-0.000472949423	0.0006822655068	3.335642101e-05	0
0.4999102014	-23.40932935	-4.99908831e-05	0.002340926518	3.335650096e-05	0
-17.60695935	16.51576007	0.001760690805	-0.001651571194	3.335650672e-05	0
15.49464729	-4.85202159	-0.001549462686	0.0004852015195	3.335645349e-05	0
-19.93431274	1.828692485	0.00199342728	-0.0001828688821	3.335647635e-05	0
-23.46308472	3.123401165	0.002346301899	-0.0003123392416	3.335650296e-05	0
13.53402737	-11.27657195	-0.001353400637	0.001127655446	3.335646128e-05	0
-17.05752906	16.03317162	0.001705748232	-0.001603312769	3.335650092e-05	0
-17.92487331	-6.168136933	0.001792484111	0.0006168125851	3.335646945e-05	0
6.192227758	-7.013007134	-0.0006192225049	0.0007013004065	3.335642412e-05	0
-7.232282635	8.419340703	0.000723227818	-0.0008419335517	3.335643007e-05	0
1.778070344	-7.534576844	-0.0001778069812	0.0007534574586	3.335641952e-05	0
-12.33047833	2.662816168	0.001233046851	-0.000266281405	3.335643606e-05	0
16.09076083	18.63921226	-0.001609071205	-0.001863915575	3.335651065e-05	0
1.458499803	11.83273635	-0.0001458498767	-0.001183272794	3.335643323e-05	0
-5.752713009	-4.328629374	0.0005752711519	0.0004328628253	3.335641816e-05	0
8.013500747	12.31622889	-0.0008013492097	-0.001231621559	3.335644553e-05	0
4.721278261	18.93612195	-0.000472126927	-0.001893608589	3.335647304e-05	0
-10.15087952	21.90656039	0.001015084993	-0.002190649654	3.335650674e-05	0
13.32899572	4.0181963	-0.00133289828	-0.0004018192406	3.335644184e-05	0
-21.32621071	0.1013253994	0.002132616222	-1.01325169e-05	3.335648538e-05	0
-2.999548874	-23.85435486	0.0002999540205	0.002385428592	3.335650592e-05	0
17.06346654	10.2571626	-0.001706343272	-0.001025714227	3.335647563e-05	0
21.87419994	-11.8452569	-0.002187413226	0.001184522026	3.335651272e-05	0
-18.94567497	-8.61587397	0.001894563394	0.0008615855309	3.335648177e-05	0
21.79814328	-6.931143385	-0.002179808626	0.0006931125254	3.335649678e-05	0
-5.792725063	2.495902954	0.0005792723911	-0.0002495902458	3.335641616e-05	0
-4.644493505	-1.699962912	0.0004644492937	0.0001699962704	3.33564136e-05	0
-4.548047752	-17.80125803	0.0004548040075	0.001780122798	3.335646582e-05	0
-10.42176739	-7.821810047	0.001042175854	0.0007821803407	3.335643784e-05	0
2.590517388	-16.77615609	-0.0002590513655	0.001677613192	3.335645758e-05	0
2.127943	7.280811205	-0.0002127942387	-0.000728080911	3.335641912e-05	0
12.79090281	-17.5470152	-0.001279087265	0.001754697383	3.335648816e-05	0
18.0646616	-6.665052156	-0.001806462811	0.00066650398	3.335647136e-05	0
-11.02500959	22.13655428	0.001102497588	-0.002213648659	3.335651152e-05	0
4.181426878	-5.778165304	-0.0004181425815	0.0005778163834	3.3356418e-05	0
5.179875325	1.997772156	-0.0005179874527	-0.0001997771848	3.335641466e-05	0
-19.24446489	-12.82955098	0.001924441342	0.001282951667	3.335649874e-05	0
-11.06750814	-12.03987819	0.001106749334	0.001203986209	3.335645413e-05	0
0.2195354755	2.878895275	-2.195354664e-05	-0.0002878895155	3.335641091e-05	0
17.23192578	12.70539699	-0.001723188629	-0.001270536787	3.335648597e-05	0
-16.0322229	-1.416145748	0.001603220214	0.0001416143914	3.335645272e-05	0
-4.916174085	-20.07609406	0.0004916163584	0.002007605117	3.335648077e-05	0
3.830050417	24.00083562	-0.0003830039105	-0.002400076473	3.335650804e-05	0
16.41960435	-4.676146589	-0.001641958042	0.0004676139774	3.335645813e-05	0
17.67047377	-15.52410046	-0.001767042489	0.001552405752	3.335650179e-05	0
6.136489886	13.38606946	-0.0006136483233	-0.001338605495	3.335644569e-05	0
-3.890595206	-12.22802569	0.0003890592003	0.001222801562	3.335643698e-05	0
11.85235968	6.798353856	-0.001185234862	-0.000679834751	3.335644066e-05	0
-20.74883904	-3.926082088	0.002074879277	0.0003926073335	3.335648389e-05	0
-5.386661524	7.366286149	0.0005386659281	-0.0007366283082	3.335642341e-05	0
-5.169671616	-13.78622788	0.0005169666012	0.001378621294	3.335644568e-05	0
6.588311436	-1.060207841	-0.0006588309969	0.0001060207605	3.335641695e-05	0
8.579556712	-10.40385939	-0.0008579548911	0.001040384993	3.335643985e-05	0
11.7517177	4.212696354	-0.001175170854	-0.0004212693072	3.335643551e-05	0
-17.63029618	17.64598128	0.001763024133	-0.001764592638	3.335651329e-05	0
-13.25738141	-8.589247311	0.001325736487	0.0008589236595	3.335645114e-05	0
6.229528325	7.942962854	-0.0006229525151	-0.0007942958807	3.335642651e-05	0
12.50783607	2.980513411	-0.001250782573	-0.0002980510948	3.335643709e-05	0
12.5381455	12.36484447	-0.001253812606	-0.00123648253	3.335646124e-05	0
22.5191335	-8.121156743	-0.002251906898	0.0008121133473	3.33565051e-05	0
21.66163658	10.96399404	-0.002166157274	-0.001096396173	3.335650783e-05	0
-5.737200927	16.93545268	0.0005737191756	-0.00169354256	3.335646284e-05	0
0.3789743169	21.89343833	-3.789734084e-05	-0.002189338584	3.335648949e-05	0
9.0364056	18.41507561	-0.0009036386588	-0.001841503687	3.33564797e-05	0
13.95554244	-3.095974424	-0.001395552818	0.000309597126	3.33564436e-05	0
-1.720427768	-11.31490689	0.0001720426641	0.001131489948	3.335643137e-05	0
-22.24705389	9.483513209	0.002224698883	-0.0009483485476	3.335650707e-05	0
-22.43713836	0.2343190521	0.002243708187	-2.343184623e-05	3.335649349e-05	0
19.16883826	13.80197883	-0.001916878478	-0.001380194033	3.335650257e-05	0
22.97663317	-7.131720611	-0.002297656668	0.0007131699972	3.335650605e-05	0
7.974084636	-3.037014388	-0.0007974081733	0.0003037013283	3.335642166e-05	0
-9.813789758	-6.751215394	0.0009813782796	0.0006751210605	3.335643318e-05	0
1.529564266	0.6381940667	-0.0001529564245	-6.38194058e-05	3.335640998e-05	0
-11.98709284	14.29170353	0.001198707199	-0.001429167866	3.335646755e-05	0
-2.961635221	0.4948780571	0.0002961635087	-4.948780348e-05	3.335641102e-05	0
0.01574827555	-4.991880274	-1.574827359e-06	0.0004991879652	3.335641368e-05	0
-6.58085024	-4.187543587	0.0006580848238	0.0004187542313	3.335641967e-05	0
-10.52758782	10.2638461	0.001052757644	-0.001026383501	3.335644557e-05	0
1.742760632	-12.61526284	-0.0001742759218	0.001261525261	3.335643657e-05	0
7.667952944	6.173126176	-0.0007667949229	-0.0006173123185	3.335642568e-05	0
10.00869267	-22.48736203	-0.001000866236	0.002248729391	3.335651057e-05	0
-7.934089322	-12.22486128	0.0007934080896	0.001222484829	3.335644494e-05	0
