# geometry: ../scenery/TheBigLebowSky.xml
# photon file: ../test/telescope.dat
# sensor id: 0
# sensor name: /ground
# -------------
# Event_Header
# core positions: 
#  x.................... -0 cm
#  y.................... -6589.96 cm
# Telescope pointing
#  Az................... 0deg
#  Zd................... 13.4901deg
# Primary particle
#  Corsika ID........... 1
#  E.................... 2745.31GeV
#  start altitude....... 0g/cm^2
#  first interaction z.. -28921.4m
# 
-5.29299947	3.067929804	0.2314333318	0.02326666748	3.405683684e-06	210
-6.490750007	3.261913739	0.2315333335	0.02349999918	3.404586278e-06	327
-11.00918002	-0.5998047478	0.2305666656	0.02119999938	3.40036138e-06	377
-9.536246335	1.635606366	0.2307000013	0.02433333362	3.401670628e-06	594
-3.995925785	2.393877864	0.2318000051	0.02303333396	3.406690894e-06	1097
-9.267856789	3.065878118	0.2271333338	0.01916666702	3.406086594e-06	1249
-5.87999414	3.813946081	0.2310666739	0.01439999975	3.405060871e-06	1562
-10.23707088	0.2730663674	0.2309666721	0.01186666637	3.401755764e-06	1770
-5.636812184	2.481992832	0.2342333348	0.02103333362	3.406538349e-06	1798
-6.563119109	3.294455151	0.2329999954	0.01993333362	3.404810147e-06	1969
-8.465402962	2.3310446	0.2316333356	0.023066666	3.403087463e-06	2139
-5.350383306	4.098031852	0.227033332	0.01086666621	3.405073285e-06	2219
-2.385565791	2.185041991	0.2478666605	0.03109999934	3.427662472e-06	2280
-1.290260517	0.2214287078	0.234099999	0.02160000055	3.406336609e-06	2314
-3.25422045	1.951706174	0.2328333406	0.02443333341	3.404815683e-06	2388
-6.644381776	4.360086902	0.2103333323	0.01606666668	3.422751663e-06	2399
-4.343790962	2.505305913	0.236066669	0.02140000088	3.405378236e-06	2494
-8.524289098	3.471871263	0.2308333368	0.02019999922	3.401665077e-06	2847
-4.197309411	3.59582999	0.2320666611	0.02396666631	3.406698491e-06	2971
-2.045944052	1.284874549	0.2430333344	0.01986666581	3.406527525e-06	3436
-5.534655716	3.770466558	0.2317666712	0.02036666686	3.404884947e-06	3520
-2.264507921	0.7568633773	0.231733337	0.02559999935	3.407995153e-06	3660
-1.24831014	-0.19499682	0.2327000052	0.03813333437	3.407051783e-06	3740
-2.583638909	-4.348894468	0.2471999975	0.04436666522	3.407593312e-06	3815
-8.062167603	3.701738805	0.2293999939	0.01826666667	3.40403185e-06	3933
-9.626077599	1.876646057	0.2328000069	0.01436666679	3.400597264e-06	4289
-2.447883971	1.558627233	0.2377000006	0.02506666632	3.409721204e-06	4336
-3.13157353	3.051086982	0.2325000016	0.02030000089	3.40640026e-06	4515
-7.905966159	3.607469173	0.2306666671	0.02173333242	3.402964507e-06	4745
-6.375055731	3.862138274	0.2289000004	0.02183333411	3.404127953e-06	4775
-5.965508053	3.755830372	0.2323666663	0.01649999992	3.404291108e-06	4906
-2.295357624	2.319368727	0.2326000033	0.01080000027	3.406288973e-06	4911
-6.435360032	3.936415257	0.2337666599	0.01433333288	3.403717677e-06	5073
-1.085478821	-0.3047133869	0.2320999948	0.01846666633	3.407588611e-06	5145
-1.965350841	2.531610423	0.2317666711	0.01783333348	3.407080561e-06	5228
-4.207691935	3.833559116	0.2309333382	0.01756666599	3.405362665e-06	5265
-10.83200954	0.410999844	0.2320333271	0.02119999936	3.400992124e-06	5514
-10.59129271	-1.231845103	0.2308666706	0.02096666582	3.401067205e-06	5641
-6.89541985	3.039024102	0.2318666725	0.02073333411	3.403287732e-06	5679
-9.713875778	2.885343965	0.2329333278	0.01616666654	3.402802571e-06	5746
-1.057571941	-1.898033925	0.2322333307	0.02213333361	3.407998168e-06	5844
-1.109153851	-2.188031673	0.2301666737	0.02673333325	3.408465047e-06	5863
-9.640909229	2.982381295	0.2325666695	0.01616666652	3.40119483e-06	6093
-9.142158479	2.945140207	0.2300000041	0.02373333275	3.402354717e-06	6182
-2.317651479	2.926217667	0.2314666657	0.02146666682	3.407080734e-06	6252
-8.718188631	2.996958703	0.2292666735	0.02319999972	3.401438339e-06	6291
-6.261938253	3.096214392	0.2136666627	0.01866666601	3.407218867e-06	6414
-8.611936917	1.485224968	0.2313999981	0.02216666751	3.40238072e-06	6900
-4.309161117	3.831465869	0.231700003	0.02270000054	3.405988102e-06	7001
-8.654922715	2.082045202	0.231700003	0.02096666581	3.402084672e-06	7246
-9.388614118	3.081373051	0.2313666641	0.01893333345	3.401873999e-06	7299
-2.226963824	1.588397555	0.2323333324	0.01966666618	3.407295599e-06	7466
-10.79885843	0.4451387254	0.2309666721	0.01979999988	3.400367142e-06	7625
-2.371071539	-3.003285985	0.2377666684	0.01119999961	3.405899753e-06	7906
-8.797718622	1.705428192	0.2329333278	0.02296666617	3.402014643e-06	8200
-2.179444267	1.503637694	0.2315333335	0.02133333309	3.406381875e-06	8284
-7.052212944	2.991186751	0.2316666692	0.0223999992	3.403486789e-06	8406
-2.059279372	2.462686325	0.2322666644	0.02066666632	3.406996024e-06	8472
-7.503643272	3.221275718	0.2321333287	0.02056666648	3.402793029e-06	8501
-1.296720576	1.215608063	0.2317666712	0.02086666601	3.407485882e-06	8539
-3.331532927	3.71283009	0.2291000037	0.02223333343	3.406032895e-06	8604
-6.723381268	3.039258112	0.2311666609	0.02053333262	3.403172668e-06	8708
-5.041532464	3.166930409	0.2355666608	0.01613333263	3.405058531e-06	9033
-9.630359889	-3.443422908	0.2240999936	0.0146333333	3.401117929e-06	9583
-3.795299347	1.537458367	0.1709000021	0.04729999974	3.436174806e-06	10174
-5.512714425	4.144636427	0.2346666603	0.01276666671	3.403534887e-06	10378
-9.613589812	0.8671154675	0.2323666663	0.01726666652	3.400292282e-06	10518
-9.143028953	1.924236274	0.2325666695	0.01730000041	3.400896551e-06	10612
-5.306033307	3.167545374	0.2322999983	0.0194666665	3.405294542e-06	10734
-7.534600583	2.71149075	0.2315333335	0.02246666699	3.403684124e-06	10970
-8.548463414	3.402138838	0.2319666596	0.02309999989	3.402894537e-06	10986
-9.855244291	0.05020635288	0.2315666675	0.0205333326	3.401181055e-06	11093
-5.338208548	3.126435631	0.2330333293	0.02133333311	3.405113474e-06	11160
-6.403585655	3.727616956	0.2316000012	0.0236666668	3.404788033e-06	11391
-3.4296838	2.509459327	0.2318000051	0.02129999923	3.407687411e-06	11399
-2.865117487	1.919842199	0.2322333307	0.01860000007	3.406291642e-06	11488
-8.387102567	2.246744886	0.2071666718	0.005566666835	3.402382587e-06	11722
-7.410563134	-3.103551062	0.4137666515	0.04693333422	3.493862858e-06	11927
-4.726277411	3.101889101	0.2318333387	0.01883333362	3.404083625e-06	11951
-4.324728764	-3.71542925	0.2306333331	-0.006833333516	3.404944539e-06	12145
-9.682194783	2.962734627	0.2276666613	-0.003066666659	3.400581381e-06	12159
-2.731898472	1.896114272	0.2323333324	0.01913333313	3.406694661e-06	12674
-9.467914992	-3.926364764	0.2283333389	0.01496666669	3.400104811e-06	12795
-5.212191345	4.48637885	0.2282666712	0.01583333313	3.403804643e-06	12828
-9.365553878	2.137467622	0.2237000018	0.01460000034	3.400709815e-06	12884
-10.95600991	-1.344153754	0.234099999	0.008600000289	3.399818788e-06	12987
-2.03412712	1.50627554	0.2453333289	0.01146666706	3.406866866e-06	13000
-9.897746846	2.917337571	0.2382999956	0.01276666671	3.400313018e-06	13007
-9.985009238	2.772920502	0.238199994	0.01266666688	3.400210735e-06	13010
-6.837336988	4.468764119	0.2381000071	0.01333333365	3.403209356e-06	13027
-8.619312179	2.418132726	0.2337666599	0.01379999983	3.402116998e-06	13073
-8.007372778	2.43497224	0.2311666609	0.02046666668	3.402472546e-06	13482
-10.75673117	0.8997480446	0.2306666671	0.01993333361	3.400261109e-06	13488
-4.495666624	3.119513714	0.2313999981	0.02013333328	3.405276822e-06	13496
-10.55517368	-1.158624782	0.2301000058	0.01843333244	3.399946683e-06	13660
-1.373883209	-2.247521777	0.237100005	0.01113333366	3.411185282e-06	13986
-0.9127822559	0.5253179681	0.2289333344	0.02723333427	3.410740632e-06	14299
-10.33484617	-0.02501961772	0.231099993	0.02256666683	3.401375243e-06	14328
-4.287021946	2.747801401	0.2292333395	0.02129999921	3.407133822e-06	14467
-10.39033537	-1.239864061	0.2319999933	0.02286666631	3.400594753e-06	14616
-8.783320937	1.821296759	0.232766673	0.02386666648	3.402013034e-06	14638
-6.11321363	3.840033244	0.2399999948	0.01319999994	3.410350576e-06	14892
-2.316850376	1.989754476	0.231733337	0.02113333344	3.407085689e-06	14899
-5.386137068	2.800977509	0.2297333332	0.01763333382	3.404137745e-06	14921
-2.098533166	2.794787449	0.2298666688	0.01549999976	3.40683732e-06	14923
-2.983100902	3.263073526	0.2363333405	0.01266666689	3.407470437e-06	15612
-6.52910052	1.690818272	0.2326666713	-0.06713332983	3.413990103e-06	15679
-1.56570397	3.492046056	0.2380666731	-0.06520000096	3.417694658e-06	15700
-6.547931574	3.25499946	0.2309000046	0.01883333363	3.403364056e-06	15965
-3.223249489	3.153119666	0.2320666611	0.02356666699	3.407197629e-06	16108
-5.552896931	2.296022004	0.2318000051	0.02283333244	3.405090479e-06	16207
-0.9523585683	-0.5527533702	0.2302333264	0.0228333324	3.408257681e-06	16279
-2.746129431	1.833620449	0.2305999993	0.02153333275	3.406862722e-06	16336
-7.019084349	4.172649219	0.2313999981	0.02319999971	3.404282844e-06	16415
-3.208317614	2.955828616	0.2333333342	0.0209666658	3.406819118e-06	16575
-5.542193482	3.835632895	0.2337333261	0.02093333377	3.405027535e-06	16664
-1.046055241	-1.856565387	0.2319999933	0.02083333395	3.407090724e-06	16713
-4.448324368	4.13977236	0.2305333317	0.02156666667	3.405561394e-06	16783
-2.901592358	1.788935484	0.2284333259	0.0231666658	3.406521014e-06	17059
-6.04871857	4.152933136	0.2173333315	0.01070000044	3.408279178e-06	17514
-5.418550479	4.005161685	0.2269666641	0.01043333299	3.403671502e-06	17605
-7.136635504	3.789084034	0.2178999932	0.002300000052	3.403385341e-06	17651
-9.769000377	1.21267228	0.2311333269	0.01643333398	3.400365105e-06	17745
-4.569500003	3.320633314	0.2328999935	0.01063333358	3.404395142e-06	17857
-10.73225619	0.04059107639	0.2311999947	0.009666666391	3.399458503e-06	17861
-7.163115156	3.051098581	0.2062333376	-0.002000000096	3.405064208e-06	18031
-1.08089446	-0.2283071798	0.2344666718	0.006699999791	3.407025267e-06	18330
-6.744346541	4.352077491	0.2313666641	0.0165333338	3.403470143e-06	18673
-9.804996155	2.668283645	0.2312666624	0.008433333595	3.400358888e-06	18829
-1.226383367	1.14117701	0.2331333311	0.01683333331	3.407207797e-06	18960
-5.169165317	4.398033061	0.231733337	0.01513333339	3.403975828e-06	19007
-1.642546859	1.268618389	0.2372000067	0.02033333292	3.407700611e-06	19463
-10.69365096	-2.265882731	0.234866664	0.01779999958	3.400146139e-06	19637
-1.534155961	0.260302169	0.2352333369	0.01293333342	3.406547175e-06	19896
-10.70930179	-0.1787411844	0.2311333269	0.01913333312	3.399769455e-06	19913
-8.345650729	2.844821823	0.2246000023	0.01193333325	3.400124807e-06	20153
-7.828848166	3.797064739	0.2328999935	0.01493333372	3.401900127e-06	20295
-7.005612073	3.177049641	0.2316000012	0.01583333312	3.402474011e-06	20830
-4.441904045	3.387099565	0.2325333355	0.01516666635	3.404492708e-06	20850
-8.386645023	3.745791461	0.234099999	0.0165333338	3.401027838e-06	20986
-2.089268561	2.61407129	0.2328000069	0.01633333415	3.406200001e-06	21498
-10.82962539	0.04309029851	0.2346333266	0.0103000002	3.399231593e-06	21517
-2.192796011	-3.299898026	0.234866664	0.007033333189	3.405733997e-06	21639
-10.34922904	-0.8335180326	0.2301333397	0.008233333003	3.398935067e-06	21785
-9.821578714	-0.003973164597	0.2307333348	0.0202333331	3.400663048e-06	21814
-10.73790973	-2.133383115	0.231700003	0.02086666598	3.399984482e-06	22025
-9.768121762	0.2153466686	0.2389000059	0.03286666796	3.402767869e-06	22040
-4.382918821	3.32804193	0.2343666703	0.0243333336	3.405747986e-06	22066
-8.497518109	3.713107393	0.2304666639	0.01209999994	3.401045574e-06	22118
-1.207186407	-1.311924676	0.2366333307	0.01150000003	3.409575606e-06	22207
-1.161287665	-1.96084127	0.2290000021	0.0005000000237	3.40730848e-06	22406
-1.185964667	-1.724976693	0.2287666647	0.0006999999746	3.407303662e-06	22407
-8.428259157	3.859637773	0.2266333401	0.004533333238	3.403260692e-06	22434
-1.368539221	1.573467259	0.2331999986	0.008733333085	3.407199814e-06	22796
-6.621683115	3.253731253	0.2319333402	0.01600000075	3.402981253e-06	23078
-2.031308835	2.8927724	0.2318000051	0.004133333456	3.407467627e-06	23227
-0.7602243173	1.15362175	0.05826666579	-0.01036666706	3.415078398e-06	23278
-4.450007489	0.3489890512	0.1603333355	-0.02336666734	3.413148634e-06	23305
-4.346634131	0.1487586694	0.1604333371	-0.02363333292	3.41325057e-06	23309
-2.695832303	5.421058519	0.2454333305	-0.07573333382	3.415826806e-06	23334
-3.449969651	2.390865253	0.2318333387	0.02396666631	3.406993584e-06	23524
-2.355306793	2.002414455	0.2333000004	0.02016666718	3.40671692e-06	23648
-3.152225506	3.238194652	0.2301333397	0.00816666707	3.405835018e-06	23811
-10.64114734	-0.972461589	0.2311333269	0.01779999957	3.399867224e-06	24177
-10.85137107	-1.616906805	0.2304999979	0.0114000002	3.399745524e-06	24301
-3.288129347	2.931222266	0.2339666634	0.017566666	3.405826604e-06	24588
-10.99491118	-0.4753668087	0.2315333335	0.01689999922	3.399974194e-06	25034
-8.692801887	1.686766077	0.2316666692	0.01926666684	3.401580872e-06	25136
-1.363024075	-2.149885726	0.2338999956	0.01473333314	3.406721035e-06	25328
-2.863510555	-2.067230611	0.2587000132	0.004800000229	3.408771909e-06	25599
-5.150996692	4.370820072	0.2568666642	0.01036666708	3.406832113e-06	25634
-2.899919303	1.373420372	0.2585999968	0.008600000301	3.408771871e-06	25642
-8.815467877	3.029695146	0.2321999967	0.02066666632	3.401194619e-06	25674
-8.575998832	-0.8352689771	0.2058333309	0.0305666663	3.402698295e-06	25706
-1.99469124	2.55811306	0.2294666617	0.0155666666	3.406929101e-06	25938
-9.717816221	2.813167815	0.2296666651	0.01209999993	3.400428917e-06	26332
-2.161936916	2.779895779	0.2331999986	0.01420000009	3.4063055e-06	26618
-9.303733665	-4.036957458	0.2287666647	0.01576666719	3.400614877e-06	26704
-10.5085159	-2.243671377	0.2302333264	0.01586666702	3.399645475e-06	26714
-5.484204249	2.588749692	0.231700003	0.02300000003	3.405488724e-06	26811
-9.609108744	1.723210102	0.2315333335	0.01866666599	3.401877041e-06	26881
-1.13266971	-0.4378795616	0.2340333311	0.02316666579	3.407838377e-06	26982
-2.938896376	3.057188613	0.231700003	0.02076666615	3.407284292e-06	27379
-4.541049551	2.977523241	0.2293333263	0.023566667	3.405040499e-06	27941
-1.169614863	-0.1666410944	0.2327333392	0.01779999957	3.407400863e-06	28110
-9.445262172	-2.456201066	0.2614000142	0.07376666368	3.43888929e-06	28122
-1.098227921	-0.711025631	0.2322666644	0.020266667	3.407795281e-06	28136
-9.838260828	2.458396387	0.2311999947	0.02033333295	3.401172996e-06	28144
-11.05506354	0.9196390435	0.2402333317	0.01783333345	3.401962242e-06	28617
-4.446186482	4.048774742	0.2326666713	0.02093333379	3.40530496e-06	28648
-4.152313931	4.11043681	0.2260666638	0.01209999993	3.405554796e-06	28737
-10.35921564	-1.032703195	0.2123666702	-0.006500000129	3.40468041e-06	28885
-3.004687317	1.861043849	0.236066669	0.02063333241	3.406776771e-06	28985
-10.54372169	0.6607573797	0.2213000061	0.01370000002	3.4008606e-06	29051
-4.047724273	4.008054859	0.2232999951	0.01426666696	3.406001329e-06	29056
-0.9675062971	-0.4867137805	0.2320999948	0.01869999988	3.407689005e-06	29295
-2.91762438	1.905147008	0.2320666611	0.01889999956	3.406088644e-06	29608
-8.707922828	1.800203986	0.2314999997	0.01610000059	3.400872298e-06	29755
-10.45837161	0.2297456825	0.2316000012	0.01319999992	3.399770547e-06	29990
-3.539946745	3.924891458	0.2352666708	0.01143333317	3.405246226e-06	30780
-1.779968585	2.520559524	0.250200003	-0.03180000182	3.409017922e-06	30838
-7.849702304	-1.099952897	0.2420666666	-0.0370000005	3.404050636e-06	30841
-3.420338564	2.494222861	0.2323666663	0.02313333378	3.40630303e-06	31077
-4.25463575	3.42733804	0.2315666675	0.02336666733	3.406086694e-06	31156
-9.822763489	1.682660541	0.2320333271	0.007366666566	3.400574214e-06	31652
-7.081242488	4.593620911	0.2329333278	0.007833333693	3.402793501e-06	31711
-10.56752391	0.02107640485	0.2314666657	0.02050000055	3.400278895e-06	31868
-3.687803629	2.437512217	0.232466668	0.02133333311	3.405801508e-06	31887
-10.8268158	-0.7133916529	0.2306666671	0.02060000039	3.400162333e-06	32019
-9.547237877	1.815366254	0.2313666641	0.02360000088	3.402282994e-06	32144
-1.046110261	-1.663661544	0.2340333311	0.01899999937	3.4092304e-06	32782
-10.56407527	-0.01171934603	0.2310000061	0.0221666675	3.40097234e-06	32893
-2.42622346	3.027100038	0.2302333264	0.02186666613	3.407555725e-06	32913
-10.91773319	0.5996371899	0.2314999997	0.02273333259	3.400483971e-06	32937
-1.318359558	-1.183239243	0.2316333356	0.02276666651	3.408286838e-06	32985
-6.300609585	4.380978301	0.2228666693	0.008033333348	3.407286366e-06	32996
-6.649205132	-5.082026675	0.2207333296	0.01030000019	3.407245669e-06	32998
-4.447418065	4.525270032	0.2203333378	0.01013333351	3.409937587e-06	33001
-9.835085817	0.05306310005	0.232466668	0.02333333344	3.40230556e-06	33338
-7.414828891	3.551030242	0.2243333308	0.03046666643	3.406054846e-06	33392
-10.46177632	-0.04107870571	0.2314999997	0.02303333394	3.400984594e-06	33607
-8.813226713	2.971005305	0.2330333293	0.02146666683	3.401713732e-06	33700
-3.225337575	1.581895578	0.2316666692	0.0232666675	3.405588582e-06	33771
-10.73973584	-0.8785823843	0.2310333399	0.02033333293	3.401169506e-06	34098
-1.230410547	1.045570354	0.2319666596	0.02273333261	3.408493776e-06	34445
-5.281233938	4.268150196	0.2319666596	0.02146666685	3.405691237e-06	34482
-1.117573747	0.9134510652	0.2331333311	0.01853333415	3.408110524e-06	34651
-5.101270946	3.001227845	0.2323666663	0.02266666666	3.40530206e-06	34667
-2.325358475	1.871789673	0.2313666641	0.02439999952	3.407684735e-06	34698
-1.168652567	-0.8905475065	0.2318333387	0.02176666632	3.408489022e-06	34789
-4.35036988	3.97007238	0.2314999997	0.02003333345	3.405178737e-06	34911
-7.513554855	2.069446736	0.2308333368	0.02219999955	3.403368919e-06	35410
-4.559195235	-3.161379114	0.2448333354	-0.03943333404	3.413820858e-06	35549
-9.675719	-1.343714689	0.2414000032	-0.03810000044	3.409239674e-06	35568
-9.603577757	1.794277201	0.2304999979	0.01400000044	3.400448514e-06	35723
-2.377614406	2.018723538	0.2318666725	0.01319999992	3.406076146e-06	35751
-1.249412169	-2.228146309	0.2319000065	0.01183333341	3.406775296e-06	35763
-8.441136322	3.889276621	0.2252999992	-0.0001666666649	3.402232586e-06	35795
-1.029295647	-0.05927676471	0.2335666715	0.002966666593	3.407904516e-06	35854
-3.363241103	3.779286696	0.2339666634	0.005433333105	3.40621394e-06	36037
-4.201711002	3.923821209	0.2308000028	0.01389999967	3.404754652e-06	36258
-6.959912857	3.17277484	0.2314999997	0.01600000076	3.402672152e-06	36372
-10.84603601	0.6601306595	0.2307333348	0.01536666694	3.399555203e-06	36388
-2.573365008	1.83329608	0.2319333402	0.02173333241	3.406991059e-06	36729
-4.340723894	4.038446664	0.2319333402	0.01640000007	3.40568184e-06	36811
-9.659483186	2.564028415	0.2254000006	0.01453333347	3.404444142e-06	37141
-8.361004707	3.639735306	0.2255666705	0.01470000018	3.405547752e-06	37142
-10.57161424	1.191685803	0.2311666609	0.02226666735	3.401076031e-06	37186
-10.07658056	-0.03246275924	0.2311999947	0.02270000056	3.401277611e-06	37363
-1.389908084	0.2557943542	0.2365666626	0.0173000004	3.408381767e-06	37689
-3.345556398	3.389598589	0.2328999935	0.02113333343	3.407310269e-06	37816
-10.65375249	-2.316173919	0.2311666609	0.02323333362	3.401078024e-06	37921
-3.361811645	2.587543755	0.2321666628	0.0225000009	3.406597506e-06	38062
-9.748938412	1.439814573	0.2312666624	0.01926666684	3.401572481e-06	38672
-5.222583609	3.077655766	0.2313999981	0.01946666651	3.404775626e-06	38845
-9.773373823	1.063353155	0.2315333335	0.02080000005	3.401180855e-06	39150
-4.571480126	4.238021821	0.2342666686	0.01916666702	3.40573565e-06	39216
-10.66174257	0.1463217614	0.2317666712	0.02103333363	3.400686198e-06	39405
-6.839398064	2.972901981	0.2316333356	0.02303333396	3.404087393e-06	39505
-4.483940477	2.937608758	0.231733337	0.02180000022	3.405686987e-06	39679
-9.784345895	-3.52516587	0.2296333312	0.01689999922	3.40013452e-06	39730
-0.840008077	0.8846351767	0.2254333345	0.00936666689	3.40743925e-06	39961
-10.69903037	1.161633818	0.2314333318	0.01526666711	3.399469716e-06	40214
-8.545938401	2.440310158	0.2318000051	0.01473333315	3.401176686e-06	40298
-10.52248063	1.376713942	0.2305666656	0.01503333357	3.399651262e-06	41113
-2.148838831	2.808528327	0.2325000016	0.01339999958	3.406289716e-06	41269
-2.877059313	3.123942986	0.2326000033	0.01840000039	3.405999035e-06	41429
-4.304852314	2.645989634	0.2320999948	0.02143333292	3.404193977e-06	41723
-8.647951669	2.091361788	0.2352666708	0.02749999987	3.399774653e-06	41802
-3.362437523	3.165439932	0.236066669	0.02566666713	3.40418737e-06	41898
-1.029815753	0.4709512804	0.2332666665	0.02920000068	3.406336455e-06	41910
-5.39393867	3.858802634	0.2350666671	0.03893333299	3.402104929e-06	42140
-1.50760423	-1.429915668	0.2387333365	0.03303333374	3.404664738e-06	42420
-7.664616081	3.214539722	0.2309000046	0.03909999878	3.400117285e-06	42445
-1.078272216	0.1768122712	0.2324000003	0.0342999995	3.405132836e-06	42473
